all values
vmax = 26.84678639 +- 2.38997238696
Km = 51.7819533323 +- 19.5045556987

all but last
vmax = 30.3610139733 +- 2.38110839081
Km = 66.4770364887 +- 18.1383861208
